1	1001
2	1002
3	1003
4	1004
5	1005
6	1006
7	1007
8	1008
9	1009
10	1010
11	1011
12	1012
13	1013
14	1014
15	1015
16	1016
17	1017
18	1018
19	1019
20	1020
21	1021
22	1022
23	1023
24	1024
25	1025
26	1026
27	1027
28	1028
29	1029
30	1030
31	1031
32	1032
33	1033
34	1034
35	1035
36	1036
37	1037
38	1038
39	1039
40	1040
41	1041
42	1042
43	1043
44	1044
45	1045
46	1046
47	1047
48	1048
49	1049
50	1050
51	1051
52	1052
53	1053
54	1054
55	1055
56	1056
57	1057
58	1058
59	1059
60	1060
61	1061
62	1062
63	1063
64	1064
65	1065
66	1066
67	1067
68	1068
69	1069
70	1070
71	1071
72	1072
73	1073
74	1074
75	1075
76	1076
77	1077
78	1078
79	1079
80	1080
81	1081
82	1082
83	1083
84	1084
85	1085
86	1086
87	1087
88	1088
89	1089
90	1090
91	1091
92	1092
93	1093
94	1094
95	1095
96	1096
97	1097
98	1098
99	1099
100	1100
101	1101
102	1102
103	1103
104	1104
105	1105
106	1106
107	1107
108	1108
109	1109
110	1110
111	1111
112	1112
113	1113
114	1114
115	1115
116	1116
117	1117
118	1118
119	1119
120	1120
121	1121
122	1122
123	1123
124	1124
125	1125
126	1126
127	1127
128	1128
129	1129
130	1130
131	1131
132	1132
133	1133
134	1134
135	1135
136	1136
137	1137
138	1138
139	1139
140	1140
141	1141
142	1142
143	1143
144	1144
145	1145
146	1146
147	1147
148	1148
149	1149
150	1150
151	1151
152	1152
153	1153
154	1154
155	1155
156	1156
157	1157
158	1158
159	1159
160	1160
161	1161
162	1162
163	1163
164	1164
165	1165
166	1166
167	1167
168	1168
169	1169
170	1170
171	1171
172	1172
173	1173
174	1174
175	1175
176	1176
177	1177
178	1178
179	1179
180	1180
181	1181
182	1182
183	1183
184	1184
185	1185
186	1186
187	1187
188	1188
189	1189
190	1190
191	1191
192	1192
193	1193
194	1194
195	1195
196	1196
197	1197
198	1198
199	1199
200	1200
201	1201
202	1202
203	1203
204	1204
205	1205
206	1206
207	1207
208	1208
209	1209
210	1210
211	1211
212	1212
213	1213
214	1214
215	1215
216	1216
217	1217
218	1218
219	1219
220	1220
221	1221
222	1222
223	1223
224	1224
225	1225
226	1226
227	1227
228	1228
229	1229
230	1230
231	1231
232	1232
233	1233
234	1234
235	1235
236	1236
237	1237
238	1238
239	1239
240	1240
241	1241
242	1242
243	1243
244	1244
245	1245
246	1246
247	1247
248	1248
249	1249
250	1250
251	1251
252	1252
253	1253
254	1254
255	1255
256	1256
257	1257
258	1258
259	1259
260	1260
261	1261
262	1262
263	1263
264	1264
265	1265
266	1266
267	1267
268	1268
269	1269
270	1270
271	1271
272	1272
273	1273
274	1274
275	1275
276	1276
277	1277
278	1278
279	1279
280	1280
281	1281
282	1282
283	1283
284	1284
285	1285
286	1286
287	1287
288	1288
289	1289
290	1290
291	1291
292	1292
293	1293
294	1294
295	1295
296	1296
297	1297
298	1298
299	1299
300	1300
301	1301
302	1302
303	1303
304	1304
305	1305
306	1306
307	1307
308	1308
309	1309
310	1310
311	1311
312	1312
313	1313
314	1314
315	1315
316	1316
317	1317
318	1318
319	1319
320	1320
321	1321
322	1322
323	1323
324	1324
325	1325
326	1326
327	1327
328	1328
329	1329
330	1330
331	1331
332	1332
333	1333
334	1334
335	1335
336	1336
337	1337
338	1338
339	1339
340	1340
341	1341
342	1342
343	1343
344	1344
345	1345
346	1346
347	1347
348	1348
349	1349
350	1350
351	1351
352	1352
353	1353
354	1354
355	1355
356	1356
357	1357
358	1358
359	1359
360	1360
361	1361
362	1362
363	1363
364	1364
365	1365
366	1366
367	1367
368	1368
369	1369
370	1370
371	1371
372	1372
373	1373
374	1374
375	1375
376	1376
377	1377
378	1378
379	1379
380	1380
381	1381
382	1382
383	1383
384	1384
385	1385
386	1386
387	1387
388	1388
389	1389
390	1390
391	1391
392	1392
393	1393
394	1394
395	1395
396	1396
397	1397
398	1398
399	1399
400	1400
401	1401
402	1402
403	1403
404	1404
405	1405
406	1406
407	1407
408	1408
409	1409
410	1410
411	1411
412	1412
413	1413
414	1414
415	1415
416	1416
417	1417
418	1418
419	1419
420	1420
421	1421
422	1422
423	1423
424	1424
425	1425
426	1426
427	1427
428	1428
429	1429
430	1430
431	1431
432	1432
433	1433
434	1434
435	1435
436	1436
437	1437
438	1438
439	1439
440	1440
441	1441
442	1442
443	1443
444	1444
445	1445
446	1446
447	1447
448	1448
449	1449
450	1450
451	1451
452	1452
453	1453
454	1454
455	1455
456	1456
457	1457
458	1458
459	1459
460	1460
461	1461
462	1462
463	1463
464	1464
465	1465
466	1466
467	1467
468	1468
469	1469
470	1470
471	1471
472	1472
473	1473
474	1474
475	1475
476	1476
477	1477
478	1478
479	1479
480	1480
481	1481
482	1482
483	1483
484	1484
485	1485
486	1486
487	1487
488	1488
489	1489
490	1490
491	1491
492	1492
493	1493
494	1494
495	1495
496	1496
497	1497
498	1498
499	1499
500	1500
501	1501
502	1502
503	1503
504	1504
505	1505
506	1506
507	1507
508	1508
509	1509
509	1510
509	1511
509	1512
509	1513
509	1514
509	1515
509	1516
509	1517
509	1518
509	1519
509	1520
509	1521
509	1522
509	1523
509	1524
509	1525
509	1526
509	1527
509	1528
509	1529
509	1530
509	1531
509	1532
509	1533
509	1534
509	1535
509	1536
509	1537
509	1538
509	1539
509	1540
509	1541
509	1542
509	1543
509	1544
509	1545
509	1546
509	1547
509	1548
509	1549
509	1550
509	1551
509	1552
509	1553
509	1554
509	1555
509	1556
509	1557
509	1558
509	1559
509	1560
509	1561
509	1562
509	1563
509	1564
509	1565
509	1566
509	1567
509	1568
509	1569
509	1570
509	1571
509	1572
509	1573
509	1574
509	1575
509	1576
509	1577
509	1578
509	1579
509	1580
509	1581
509	1582
509	1583
509	1584
509	1585
509	1586
509	1587
509	1588
509	1589
509	1590
509	1591
509	1592
509	1593
509	1594
509	1595
509	1596
509	1597
509	1598
509	1599
509	1600
509	1601
509	1602
509	1603
509	1604
509	1605
509	1606
509	1607
509	1608
509	1609
509	1610
509	1611
509	1612
509	1613
509	1614
509	1615
509	1616
509	1617
509	1618
509	1619
509	1620
509	1621
509	1622
509	1623
509	1624
509	1625
509	1626
509	1627
509	1628
509	1629
509	1630
509	1631
509	1632
509	1633
509	1634
509	1635
509	1636
509	1637
509	1638
509	1639
509	1640
509	1641
509	1642
509	1643
509	1644
509	1645
509	1646
509	1647
509	1648
509	1649
509	1650
509	1651
509	1652
509	1653
509	1654
509	1655
509	1656
509	1657
509	1658
509	1659
509	1660
509	1661
509	1662
509	1663
509	1664
509	1665
509	1666
509	1667
509	1668
509	1669
509	1670
509	1671
509	1672
509	1673
509	1674
509	1675
509	1676
509	1677
509	1678
509	1679
509	1680
509	1681
509	1682
509	1683
509	1684
509	1685
509	1686
509	1687
509	1688
509	1689
509	1690
509	1691
509	1692
509	1693
509	1694
509	1695
509	1696
509	1697
509	1698
509	1699
509	1700
509	1701
509	1702
509	1703
509	1704
509	1705
509	1706
509	1707
509	1708
509	1709
509	1710
509	1711
509	1712
509	1713
509	1714
509	1715
509	1716
509	1717
509	1718
509	1719
509	1720
509	1721
509	1722
509	1723
509	1724
509	1725
509	1726
509	1727
509	1728
509	1729
509	1730
509	1731
509	1732
509	1733
509	1734
509	1735
509	1736
509	1737
509	1738
509	1739
509	1740
509	1741
509	1742
509	1743
509	1744
509	1745
509	1746
509	1747
509	1748
509	1749
509	1750
509	1751
509	1752
509	1753
509	1754
509	1755
509	1756
509	1757
509	1758
509	1759
509	1760
509	1761
509	1762
509	1763
509	1764
509	1765
509	1766
509	1767
509	1768
509	1769
509	1770
509	1771
509	1772
509	1773
509	1774
509	1775
509	1776
509	1777
509	1778
509	1779
509	1780
509	1781
509	1782
509	1783
509	1784
509	1785
509	1786
509	1787
509	1788
509	1789
509	1790
509	1791
509	1792
509	1793
509	1794
509	1795
509	1796
509	1797
509	1798
509	1799
509	1800
509	1801
509	1802
509	1803
509	1804
509	1805
509	1806
509	1807
509	1808
509	1809
509	1810
509	1811
509	1812
509	1813
509	1814
509	1815
509	1816
509	1817
509	1818
509	1819
509	1820
509	1821
509	1822
509	1823
509	1824
509	1825
509	1826
509	1827
509	1828
509	1829
509	1830
509	1831
509	1832
509	1833
509	1834
509	1835
509	1836
509	1837
509	1838
509	1839
509	1840
509	1841
509	1842
509	1843
509	1844
509	1845
509	1846
509	1847
509	1848
509	1849
509	1850
509	1851
509	1852
509	1853
509	1854
509	1855
509	1856
509	1857
509	1858
509	1859
509	1860
509	1861
509	1862
509	1863
509	1864
509	1865
509	1866
509	1867
509	1868
509	1869
509	1870
509	1871
509	1872
509	1873
509	1874
509	1875
509	1876
509	1877
509	1878
509	1879
509	1880
509	1881
509	1882
509	1883
509	1884
509	1885
509	1886
509	1887
509	1888
509	1889
509	1890
509	1891
509	1892
509	1893
509	1894
509	1895
509	1896
509	1897
509	1898
509	1899
509	1900
509	1901
509	1902
509	1903
509	1904
509	1905
509	1906
509	1907
509	1908
509	1909
509	1910
509	1911
509	1912
509	1913
509	1914
509	1915
509	1916
509	1917
509	1918
509	1919
509	1920
509	1921
509	1922
509	1923
509	1924
509	1925
509	1926
509	1927
509	1928
509	1929
509	1930
509	1931
509	1932
509	1933
509	1934
509	1935
509	1936
509	1937
509	1938
509	1939
509	1940
509	1941
509	1942
509	1943
509	1944
509	1945
509	1946
509	1947
509	1948
509	1949
509	1950
509	1951
509	1952
509	1953
509	1954
509	1955
509	1956
509	1957
509	1958
509	1959
509	1960
509	1961
509	1962
509	1963
509	1964
509	1965
509	1966
509	1967
509	1968
509	1969
509	1970
509	1971
509	1972
509	1973
509	1974
509	1975
509	1976
509	1977
509	1978
509	1979
509	1980
509	1981
509	1982
509	1983
509	1984
509	1985
509	1986
509	1987
509	1988
509	1989
509	1990
509	1991
509	1992
509	1993
509	1994
509	1995
509	1996
509	1997
509	1998
509	1999
510	2000
511	2001
512	2002
513	2003
514	2004
515	2005
516	2006
517	2007
518	2008
519	2009
520	2010
521	2011
522	2012
523	2013
524	2014
525	2015
526	2016
527	2017
528	2018
529	2019
530	2020
531	2021
532	2022
533	2023
534	2024
535	2025
536	2026
537	2027
538	2028
539	2029
540	2030
541	2031
542	2032
543	2033
544	2034
545	2035
546	2036
547	2037
548	2038
549	2039
550	2040
551	2041
552	2042
553	2043
554	2044
555	2045
556	2046
557	2047
558	2048
559	2049
560	2050
561	2051
562	2052
563	2053
564	2054
565	2055
566	2056
567	2057
568	2058
569	2059
570	2060
571	2061
572	2062
573	2063
574	2064
575	2065
576	2066
577	2067
578	2068
579	2069
580	2070
581	2071
582	2072
583	2073
584	2074
585	2075
586	2076
587	2077
588	2078
589	2079
590	2080
591	2081
592	2082
593	2083
594	2084
595	2085
596	2086
597	2087
598	2088
599	2089
600	2090
601	2091
602	2092
603	2093
604	2094
605	2095
606	2096
607	2097
608	2098
609	2099
610	2100
611	2101
612	2102
613	2103
614	2104
615	2105
616	2106
617	2107
618	2108
619	2109
620	2110
621	2111
622	2112
623	2113
624	2114
625	2115
626	2116
627	2117
628	2118
629	2119
630	2120
631	2121
632	2122
633	2123
634	2124
635	2125
636	2126
637	2127
638	2128
639	2129
640	2130
641	2131
642	2132
643	2133
644	2134
645	2135
646	2136
647	2137
648	2138
649	2139
650	2140
651	2141
652	2142
653	2143
654	2144
655	2145
656	2146
657	2147
658	2148
659	2149
660	2150
661	2151
662	2152
663	2153
664	2154
665	2155
666	2156
667	2157
668	2158
669	2159
670	2160
671	2161
672	2162
673	2163
674	2164
675	2165
676	2166
677	2167
678	2168
679	2169
680	2170
681	2171
682	2172
683	2173
684	2174
685	2175
686	2176
687	2177
688	2178
689	2179
690	2180
691	2181
692	2182
693	2183
694	2184
695	2185
696	2186
697	2187
698	2188
699	2189
700	2190
701	2191
702	2192
703	2193
704	2194
705	2195
706	2196
707	2197
708	2198
709	2199
710	2200
711	2201
712	2202
713	2203
714	2204
715	2205
716	2206
717	2207
718	2208
719	2209
720	2210
721	2211
722	2212
723	2213
724	2214
725	2215
726	2216
727	2217
728	2218
729	2219
730	2220
731	2221
732	2222
733	2223
734	2224
735	2225
736	2226
737	2227
738	2228
739	2229
740	2230
741	2231
742	2232
743	2233
744	2234
745	2235
746	2236
747	2237
748	2238
749	2239
750	2240
751	2241
752	2242
753	2243
754	2244
755	2245
756	2246
757	2247
758	2248
759	2249
760	2250
761	2251
762	2252
763	2253
764	2254
765	2255
766	2256
767	2257
768	2258
769	2259
770	2260
771	2261
772	2262
773	2263
774	2264
775	2265
776	2266
777	2267
778	2268
779	2269
780	2270
781	2271
782	2272
783	2273
784	2274
785	2275
786	2276
787	2277
788	2278
789	2279
790	2280
791	2281
792	2282
793	2283
794	2284
795	2285
796	2286
797	2287
798	2288
799	2289
800	2290
801	2291
802	2292
803	2293
804	2294
805	2295
806	2296
807	2297
808	2298
809	2299
810	2300
811	2301
812	2302
813	2303
814	2304
815	2305
816	2306
817	2307
818	2308
819	2309
820	2310
821	2311
822	2312
823	2313
824	2314
825	2315
826	2316
827	2317
828	2318
829	2319
830	2320
831	2321
832	2322
833	2323
834	2324
835	2325
836	2326
837	2327
838	2328
839	2329
840	2330
841	2331
842	2332
843	2333
844	2334
845	2335
846	2336
847	2337
848	2338
849	2339
850	2340
851	2341
852	2342
853	2343
854	2344
855	2345
856	2346
857	2347
858	2348
859	2349
860	2350
861	2351
862	2352
863	2353
864	2354
865	2355
866	2356
867	2357
868	2358
869	2359
870	2360
871	2361
872	2362
873	2363
874	2364
875	2365
876	2366
877	2367
878	2368
879	2369
880	2370
881	2371
882	2372
883	2373
884	2374
885	2375
886	2376
887	2377
888	2378
889	2379
890	2380
891	2381
892	2382
893	2383
894	2384
895	2385
896	2386
897	2387
898	2388
899	2389
900	2390
901	2391
902	2392
903	2393
904	2394
905	2395
906	2396
907	2397
908	2398
909	2399
910	2400
911	2401
912	2402
913	2403
914	2404
915	2405
916	2406
917	2407
918	2408
919	2409
920	2410
921	2411
922	2412
923	2413
924	2414
925	2415
926	2416
927	2417
928	2418
929	2419
930	2420
931	2421
932	2422
933	2423
934	2424
935	2425
936	2426
937	2427
938	2428
939	2429
940	2430
941	2431
942	2432
943	2433
944	2434
945	2435
946	2436
947	2437
948	2438
949	2439
950	2440
951	2441
952	2442
953	2443
954	2444
955	2445
956	2446
957	2447
958	2448
959	2449
960	2450
961	2451
962	2452
963	2453
964	2454
965	2455
966	2456
967	2457
968	2458
969	2459
970	2460
971	2461
972	2462
973	2463
974	2464
975	2465
976	2466
977	2467
978	2468
979	2469
980	2470
981	2471
982	2472
983	2473
984	2474
985	2475
986	2476
987	2477
988	2478
989	2479
990	2480
991	2481
992	2482
993	2483
994	2484
995	2485
996	2486
997	2487
998	2488
999	2489
1000	2490
1001	2491
1002	2492
1003	2493
1004	2494
1005	2495
1006	2496
1007	2497
1008	2498
1009	2499
1010	2500
1011	2501
1012	2502
1013	2503
1014	2504
1015	2505
1016	2506
1017	2507
1018	2508
1019	2509
1019	2510
1019	2511
1019	2512
1019	2513
1019	2514
1019	2515
1019	2516
1019	2517
1019	2518
1019	2519
1019	2520
1019	2521
1019	2522
1019	2523
1019	2524
1019	2525
1019	2526
1019	2527
1019	2528
1019	2529
1019	2530
1019	2531
1019	2532
1019	2533
1019	2534
1019	2535
1019	2536
1019	2537
1019	2538
1019	2539
1019	2540
1019	2541
1019	2542
1019	2543
1019	2544
1019	2545
1019	2546
1019	2547
1019	2548
1019	2549
1019	2550
1019	2551
1019	2552
1019	2553
1019	2554
1019	2555
1019	2556
1019	2557
1019	2558
1019	2559
1019	2560
1019	2561
1019	2562
1019	2563
1019	2564
1019	2565
1019	2566
1019	2567
1019	2568
1019	2569
1019	2570
1019	2571
1019	2572
1019	2573
1019	2574
1019	2575
1019	2576
1019	2577
1019	2578
1019	2579
1019	2580
1019	2581
1019	2582
1019	2583
1019	2584
1019	2585
1019	2586
1019	2587
1019	2588
1019	2589
1019	2590
1019	2591
1019	2592
1019	2593
1019	2594
1019	2595
1019	2596
1019	2597
1019	2598
1019	2599
1019	2600
1019	2601
1019	2602
1019	2603
1019	2604
1019	2605
1019	2606
1019	2607
1019	2608
1019	2609
1019	2610
1019	2611
1019	2612
1019	2613
1019	2614
1019	2615
1019	2616
1019	2617
1019	2618
1019	2619
1019	2620
1019	2621
1019	2622
1019	2623
1019	2624
1019	2625
1019	2626
1019	2627
1019	2628
1019	2629
1019	2630
1019	2631
1019	2632
1019	2633
1019	2634
1019	2635
1019	2636
1019	2637
1019	2638
1019	2639
1019	2640
1019	2641
1019	2642
1019	2643
1019	2644
1019	2645
1019	2646
1019	2647
1019	2648
1019	2649
1019	2650
1019	2651
1019	2652
1019	2653
1019	2654
1019	2655
1019	2656
1019	2657
1019	2658
1019	2659
1019	2660
1019	2661
1019	2662
1019	2663
1019	2664
1019	2665
1019	2666
1019	2667
1019	2668
1019	2669
1019	2670
1019	2671
1019	2672
1019	2673
1019	2674
1019	2675
1019	2676
1019	2677
1019	2678
1019	2679
1019	2680
1019	2681
1019	2682
1019	2683
1019	2684
1019	2685
1019	2686
1019	2687
1019	2688
1019	2689
1019	2690
1019	2691
1019	2692
1019	2693
1019	2694
1019	2695
1019	2696
1019	2697
1019	2698
1019	2699
1019	2700
1019	2701
1019	2702
1019	2703
1019	2704
1019	2705
1019	2706
1019	2707
1019	2708
1019	2709
1019	2710
1019	2711
1019	2712
1019	2713
1019	2714
1019	2715
1019	2716
1019	2717
1019	2718
1019	2719
1019	2720
1019	2721
1019	2722
1019	2723
1019	2724
1019	2725
1019	2726
1019	2727
1019	2728
1019	2729
1019	2730
1019	2731
1019	2732
1019	2733
1019	2734
1019	2735
1019	2736
1019	2737
1019	2738
1019	2739
1019	2740
1019	2741
1019	2742
1019	2743
1019	2744
1019	2745
1019	2746
1019	2747
1019	2748
1019	2749
1019	2750
1019	2751
1019	2752
1019	2753
1019	2754
1019	2755
1019	2756
1019	2757
1019	2758
1019	2759
1019	2760
1019	2761
1019	2762
1019	2763
1019	2764
1019	2765
1019	2766
1019	2767
1019	2768
1019	2769
1019	2770
1019	2771
1019	2772
1019	2773
1019	2774
1019	2775
1019	2776
1019	2777
1019	2778
1019	2779
1019	2780
1019	2781
1019	2782
1019	2783
1019	2784
1019	2785
1019	2786
1019	2787
1019	2788
1019	2789
1019	2790
1019	2791
1019	2792
1019	2793
1019	2794
1019	2795
1019	2796
1019	2797
1019	2798
1019	2799
1019	2800
1019	2801
1019	2802
1019	2803
1019	2804
1019	2805
1019	2806
1019	2807
1019	2808
1019	2809
1019	2810
1019	2811
1019	2812
1019	2813
1019	2814
1019	2815
1019	2816
1019	2817
1019	2818
1019	2819
1019	2820
1019	2821
1019	2822
1019	2823
1019	2824
1019	2825
1019	2826
1019	2827
1019	2828
1019	2829
1019	2830
1019	2831
1019	2832
1019	2833
1019	2834
1019	2835
1019	2836
1019	2837
1019	2838
1019	2839
1019	2840
1019	2841
1019	2842
1019	2843
1019	2844
1019	2845
1019	2846
1019	2847
1019	2848
1019	2849
1019	2850
1019	2851
1019	2852
1019	2853
1019	2854
1019	2855
1019	2856
1019	2857
1019	2858
1019	2859
1019	2860
1019	2861
1019	2862
1019	2863
1019	2864
1019	2865
1019	2866
1019	2867
1019	2868
1019	2869
1019	2870
1019	2871
1019	2872
1019	2873
1019	2874
1019	2875
1019	2876
1019	2877
1019	2878
1019	2879
1019	2880
1019	2881
1019	2882
1019	2883
1019	2884
1019	2885
1019	2886
1019	2887
1019	2888
1019	2889
1019	2890
1019	2891
1019	2892
1019	2893
1019	2894
1019	2895
1019	2896
1019	2897
1019	2898
1019	2899
1019	2900
1019	2901
1019	2902
1019	2903
1019	2904
1019	2905
1019	2906
1019	2907
1019	2908
1019	2909
1019	2910
1019	2911
1019	2912
1019	2913
1019	2914
1019	2915
1019	2916
1019	2917
1019	2918
1019	2919
1019	2920
1019	2921
1019	2922
1019	2923
1019	2924
1019	2925
1019	2926
1019	2927
1019	2928
1019	2929
1019	2930
1019	2931
1019	2932
1019	2933
1019	2934
1019	2935
1019	2936
1019	2937
1019	2938
1019	2939
1019	2940
1019	2941
1019	2942
1019	2943
1019	2944
1019	2945
1019	2946
1019	2947
1019	2948
1019	2949
1019	2950
1019	2951
1019	2952
1019	2953
1019	2954
1019	2955
1019	2956
1019	2957
1019	2958
1019	2959
1019	2960
1019	2961
1019	2962
1019	2963
1019	2964
1019	2965
1019	2966
1019	2967
1019	2968
1019	2969
1019	2970
1019	2971
1019	2972
1019	2973
1019	2974
1019	2975
1019	2976
1019	2977
1019	2978
1019	2979
1019	2980
1019	2981
1019	2982
1019	2983
1019	2984
1019	2985
1019	2986
1019	2987
1019	2988
1019	2989
1019	2990
1019	2991
1019	2992
1019	2993
1019	2994
1019	2995
1019	2996
1019	2997
1019	2998
1019	2999
1020	3000
1021	3001
1022	3002
1023	3003
1024	3004
1025	3005
1026	3006
1027	3007
1028	3008
1029	3009
1030	3010
1031	3011
1032	3012
1033	3013
1034	3014
1035	3015
1036	3016
1037	3017
1038	3018
1039	3019
1040	3020
1041	3021
1042	3022
1043	3023
1044	3024
1045	3025
1046	3026
1047	3027
1048	3028
1049	3029
1050	3030
1051	3031
1052	3032
1053	3033
1054	3034
1055	3035
1056	3036
1057	3037
1058	3038
1059	3039
1060	3040
1061	3041
1062	3042
1063	3043
1064	3044
1065	3045
1066	3046
1067	3047
1068	3048
1069	3049
1070	3050
1071	3051
1072	3052
1073	3053
1074	3054
1075	3055
1076	3056
1077	3057
1078	3058
1079	3059
1080	3060
1081	3061
1082	3062
1083	3063
1084	3064
1085	3065
1086	3066
1087	3067
1088	3068
1089	3069
1090	3070
1091	3071
1092	3072
1093	3073
1094	3074
1095	3075
1096	3076
1097	3077
1098	3078
1099	3079
1100	3080
1101	3081
1102	3082
1103	3083
1104	3084
1105	3085
1106	3086
1107	3087
1108	3088
1109	3089
1110	3090
1111	3091
1112	3092
1113	3093
1114	3094
1115	3095
1116	3096
1117	3097
1118	3098
1119	3099
1120	3100
1121	3101
1122	3102
1123	3103
1124	3104
1125	3105
1126	3106
1127	3107
1128	3108
1129	3109
1130	3110
1131	3111
1132	3112
1133	3113
1134	3114
1135	3115
1136	3116
1137	3117
1138	3118
1139	3119
1140	3120
1141	3121
1142	3122
1143	3123
1144	3124
1145	3125
1146	3126
1147	3127
1148	3128
1149	3129
1150	3130
1151	3131
1152	3132
1153	3133
1154	3134
1155	3135
1156	3136
1157	3137
1158	3138
1159	3139
1160	3140
1161	3141
1162	3142
1163	3143
1164	3144
1165	3145
1166	3146
1167	3147
1168	3148
1169	3149
1170	3150
1171	3151
1172	3152
1173	3153
1174	3154
1175	3155
1176	3156
1177	3157
1178	3158
1179	3159
1180	3160
1181	3161
1182	3162
1183	3163
1184	3164
1185	3165
1186	3166
1187	3167
1188	3168
1189	3169
1190	3170
1191	3171
1192	3172
1193	3173
1194	3174
1195	3175
1196	3176
1197	3177
1198	3178
1199	3179
1200	3180
1201	3181
1202	3182
1203	3183
1204	3184
1205	3185
1206	3186
1207	3187
1208	3188
1209	3189
1210	3190
1211	3191
1212	3192
1213	3193
1214	3194
1215	3195
1216	3196
1217	3197
1218	3198
1219	3199
1220	3200
1221	3201
1222	3202
1223	3203
1224	3204
1225	3205
1226	3206
1227	3207
1228	3208
1229	3209
1230	3210
1231	3211
1232	3212
1233	3213
1234	3214
1235	3215
1236	3216
1237	3217
1238	3218
1239	3219
1240	3220
1241	3221
1242	3222
1243	3223
1244	3224
1245	3225
1246	3226
1247	3227
1248	3228
1249	3229
1250	3230
1251	3231
1252	3232
1253	3233
1254	3234
1255	3235
1256	3236
1257	3237
1258	3238
1259	3239
1260	3240
1261	3241
1262	3242
1263	3243
1264	3244
1265	3245
1266	3246
1267	3247
1268	3248
1269	3249
1270	3250
1271	3251
1272	3252
1273	3253
1274	3254
1275	3255
1276	3256
1277	3257
1278	3258
1279	3259
1280	3260
1281	3261
1282	3262
1283	3263
1284	3264
1285	3265
1286	3266
1287	3267
1288	3268
1289	3269
1290	3270
1291	3271
1292	3272
1293	3273
1294	3274
1295	3275
1296	3276
1297	3277
1298	3278
1299	3279
1300	3280
1301	3281
1302	3282
1303	3283
1304	3284
1305	3285
1306	3286
1307	3287
1308	3288
1309	3289
1310	3290
1311	3291
1312	3292
1313	3293
1314	3294
1315	3295
1316	3296
1317	3297
1318	3298
1319	3299
1320	3300
1321	3301
1322	3302
1323	3303
1324	3304
1325	3305
1326	3306
1327	3307
1328	3308
1329	3309
1330	3310
1331	3311
1332	3312
1333	3313
1334	3314
1335	3315
1336	3316
1337	3317
1338	3318
1339	3319
1340	3320
1341	3321
1342	3322
1343	3323
1344	3324
1345	3325
1346	3326
1347	3327
1348	3328
1349	3329
1350	3330
1351	3331
1352	3332
1353	3333
1354	3334
1355	3335
1356	3336
1357	3337
1358	3338
1359	3339
1360	3340
1361	3341
1362	3342
1363	3343
1364	3344
1365	3345
1366	3346
1367	3347
1368	3348
1369	3349
1370	3350
1371	3351
1372	3352
1373	3353
1374	3354
1375	3355
1376	3356
1377	3357
1378	3358
1379	3359
1380	3360
1381	3361
1382	3362
1383	3363
1384	3364
1385	3365
1386	3366
1387	3367
1388	3368
1389	3369
1390	3370
1391	3371
1392	3372
1393	3373
1394	3374
1395	3375
1396	3376
1397	3377
1398	3378
1399	3379
1400	3380
1401	3381
1402	3382
1403	3383
1404	3384
1405	3385
1406	3386
1407	3387
1408	3388
1409	3389
1410	3390
1411	3391
1412	3392
1413	3393
1414	3394
1415	3395
1416	3396
1417	3397
1418	3398
1419	3399
1420	3400
1421	3401
1422	3402
1423	3403
1424	3404
1425	3405
1426	3406
1427	3407
1428	3408
1429	3409
1430	3410
1431	3411
1432	3412
1433	3413
1434	3414
1435	3415
1436	3416
1437	3417
1438	3418
1439	3419
1440	3420
1441	3421
1442	3422
1443	3423
1444	3424
1445	3425
1446	3426
1447	3427
1448	3428
1449	3429
1450	3430
1451	3431
1452	3432
1453	3433
1454	3434
1455	3435
1456	3436
1457	3437
1458	3438
1459	3439
1460	3440
1461	3441
1462	3442
1463	3443
1464	3444
1465	3445
1466	3446
1467	3447
1468	3448
1469	3449
1470	3450
1471	3451
1472	3452
1473	3453
1474	3454
1475	3455
1476	3456
1477	3457
1478	3458
1479	3459
1480	3460
1481	3461
1482	3462
1483	3463
1484	3464
1485	3465
1486	3466
1487	3467
1488	3468
1489	3469
1490	3470
1491	3471
1492	3472
1493	3473
1494	3474
1495	3475
1496	3476
1497	3477
1498	3478
1499	3479
1500	3480
1501	3481
1502	3482
1503	3483
1504	3484
1505	3485
1506	3486
1507	3487
1508	3488
1509	3489
1510	3490
1511	3491
1512	3492
1513	3493
1514	3494
1515	3495
1516	3496
1517	3497
1518	3498
1519	3499
1520	3500
1521	3501
1522	3502
1523	3503
1524	3504
1525	3505
1526	3506
1527	3507
1528	3508
1529	3509
1529	3510
1529	3511
1529	3512
1529	3513
1529	3514
1529	3515
1529	3516
1529	3517
1529	3518
1529	3519
1529	3520
1529	3521
1529	3522
1529	3523
1529	3524
1529	3525
1529	3526
1529	3527
1529	3528
1529	3529
1529	3530
1529	3531
1529	3532
1529	3533
1529	3534
1529	3535
1529	3536
1529	3537
1529	3538
1529	3539
1529	3540
1529	3541
1529	3542
1529	3543
1529	3544
1529	3545
1529	3546
1529	3547
1529	3548
1529	3549
1529	3550
1529	3551
1529	3552
1529	3553
1529	3554
1529	3555
1529	3556
1529	3557
1529	3558
1529	3559
1529	3560
1529	3561
1529	3562
1529	3563
1529	3564
1529	3565
1529	3566
1529	3567
1529	3568
1529	3569
1529	3570
1529	3571
1529	3572
1529	3573
1529	3574
1529	3575
1529	3576
1529	3577
1529	3578
1529	3579
1529	3580
1529	3581
1529	3582
1529	3583
1529	3584
1529	3585
1529	3586
1529	3587
1529	3588
1529	3589
1529	3590
1529	3591
1529	3592
1529	3593
1529	3594
1529	3595
1529	3596
1529	3597
1529	3598
1529	3599
1529	3600
1529	3601
1529	3602
1529	3603
1529	3604
1529	3605
1529	3606
1529	3607
1529	3608
1529	3609
1529	3610
1529	3611
1529	3612
1529	3613
1529	3614
1529	3615
1529	3616
1529	3617
1529	3618
1529	3619
1529	3620
1529	3621
1529	3622
1529	3623
1529	3624
1529	3625
1529	3626
1529	3627
1529	3628
1529	3629
1529	3630
1529	3631
1529	3632
1529	3633
1529	3634
1529	3635
1529	3636
1529	3637
1529	3638
1529	3639
1529	3640
1529	3641
1529	3642
1529	3643
1529	3644
1529	3645
1529	3646
1529	3647
1529	3648
1529	3649
1529	3650
1529	3651
1529	3652
1529	3653
1529	3654
1529	3655
1529	3656
1529	3657
1529	3658
1529	3659
1529	3660
1529	3661
1529	3662
1529	3663
1529	3664
1529	3665
1529	3666
1529	3667
1529	3668
1529	3669
1529	3670
1529	3671
1529	3672
1529	3673
1529	3674
1529	3675
1529	3676
1529	3677
1529	3678
1529	3679
1529	3680
1529	3681
1529	3682
1529	3683
1529	3684
1529	3685
1529	3686
1529	3687
1529	3688
1529	3689
1529	3690
1529	3691
1529	3692
1529	3693
1529	3694
1529	3695
1529	3696
1529	3697
1529	3698
1529	3699
1529	3700
1529	3701
1529	3702
1529	3703
1529	3704
1529	3705
1529	3706
1529	3707
1529	3708
1529	3709
1529	3710
1529	3711
1529	3712
1529	3713
1529	3714
1529	3715
1529	3716
1529	3717
1529	3718
1529	3719
1529	3720
1529	3721
1529	3722
1529	3723
1529	3724
1529	3725
1529	3726
1529	3727
1529	3728
1529	3729
1529	3730
1529	3731
1529	3732
1529	3733
1529	3734
1529	3735
1529	3736
1529	3737
1529	3738
1529	3739
1529	3740
1529	3741
1529	3742
1529	3743
1529	3744
1529	3745
1529	3746
1529	3747
1529	3748
1529	3749
1529	3750
1529	3751
1529	3752
1529	3753
1529	3754
1529	3755
1529	3756
1529	3757
1529	3758
1529	3759
1529	3760
1529	3761
1529	3762
1529	3763
1529	3764
1529	3765
1529	3766
1529	3767
1529	3768
1529	3769
1529	3770
1529	3771
1529	3772
1529	3773
1529	3774
1529	3775
1529	3776
1529	3777
1529	3778
1529	3779
1529	3780
1529	3781
1529	3782
1529	3783
1529	3784
1529	3785
1529	3786
1529	3787
1529	3788
1529	3789
1529	3790
1529	3791
1529	3792
1529	3793
1529	3794
1529	3795
1529	3796
1529	3797
1529	3798
1529	3799
1529	3800
1529	3801
1529	3802
1529	3803
1529	3804
1529	3805
1529	3806
1529	3807
1529	3808
1529	3809
1529	3810
1529	3811
1529	3812
1529	3813
1529	3814
1529	3815
1529	3816
1529	3817
1529	3818
1529	3819
1529	3820
1529	3821
1529	3822
1529	3823
1529	3824
1529	3825
1529	3826
1529	3827
1529	3828
1529	3829
1529	3830
1529	3831
1529	3832
1529	3833
1529	3834
1529	3835
1529	3836
1529	3837
1529	3838
1529	3839
1529	3840
1529	3841
1529	3842
1529	3843
1529	3844
1529	3845
1529	3846
1529	3847
1529	3848
1529	3849
1529	3850
1529	3851
1529	3852
1529	3853
1529	3854
1529	3855
1529	3856
1529	3857
1529	3858
1529	3859
1529	3860
1529	3861
1529	3862
1529	3863
1529	3864
1529	3865
1529	3866
1529	3867
1529	3868
1529	3869
1529	3870
1529	3871
1529	3872
1529	3873
1529	3874
1529	3875
1529	3876
1529	3877
1529	3878
1529	3879
1529	3880
1529	3881
1529	3882
1529	3883
1529	3884
1529	3885
1529	3886
1529	3887
1529	3888
1529	3889
1529	3890
1529	3891
1529	3892
1529	3893
1529	3894
1529	3895
1529	3896
1529	3897
1529	3898
1529	3899
1529	3900
1529	3901
1529	3902
1529	3903
1529	3904
1529	3905
1529	3906
1529	3907
1529	3908
1529	3909
1529	3910
1529	3911
1529	3912
1529	3913
1529	3914
1529	3915
1529	3916
1529	3917
1529	3918
1529	3919
1529	3920
1529	3921
1529	3922
1529	3923
1529	3924
1529	3925
1529	3926
1529	3927
1529	3928
1529	3929
1529	3930
1529	3931
1529	3932
1529	3933
1529	3934
1529	3935
1529	3936
1529	3937
1529	3938
1529	3939
1529	3940
1529	3941
1529	3942
1529	3943
1529	3944
1529	3945
1529	3946
1529	3947
1529	3948
1529	3949
1529	3950
1529	3951
1529	3952
1529	3953
1529	3954
1529	3955
1529	3956
1529	3957
1529	3958
1529	3959
1529	3960
1529	3961
1529	3962
1529	3963
1529	3964
1529	3965
1529	3966
1529	3967
1529	3968
1529	3969
1529	3970
1529	3971
1529	3972
1529	3973
1529	3974
1529	3975
1529	3976
1529	3977
1529	3978
1529	3979
1529	3980
1529	3981
1529	3982
1529	3983
1529	3984
1529	3985
1529	3986
1529	3987
1529	3988
1529	3989
1529	3990
1529	3991
1529	3992
1529	3993
1529	3994
1529	3995
1529	3996
1529	3997
1529	3998